17.34
20 8885874 3908338 2031914 7155379 6766415 7788327 8790605 7103730 1295458 6528266 4615833 10
17.24
30 8947758 5664093 1816279 7291082 5117196 3166991 8868678 4341576 3485759 5549785 8775277 2983314 6836812 9270546 202621 5413988 10
17.37
40 9798152 4846487 9008138 7676193 3215052 5850281 660832 4105715 409605 5641294 9885733 1419794 10
15.43
50 396789 6416250 9271362 700154 3724752 3716282 4276332 5368621 8451042 9927727 10
17.99
60 1454010 7824884 3193827 7718765 1925405 1175531 2860740 8424191 2071841 3090234 3945175 264365 8941517 9104671 9611705 9445351 757290 7524819 1899178 1419794 10
-----------------------------
1e+09
20 8885874 3908338 2031914 7155379 6766415 7788327 8790605 7103730 1295458 6528266 4615833 10
1e+09
30 8947758 5664093 1816279 7291082 5117196 3166991 8868678 4341576 3485759 5549785 8775277 2983314 6836812 9270546 202621 5413988 10
1e+09
40 9798152 4846487 9008138 7676193 3215052 5850281 660832 4105715 409605 5641294 9885733 1419794 10
1e+09
50 396789 6416250 9271362 700154 3724752 3716282 4276332 5368621 8451042 9927727 10
1e+09
60 1454010 7824884 3193827 7718765 1925405 1175531 2860740 8424191 2071841 3090234 3945175 264365 8941517 9104671 9611705 9445351 757290 7524819 1899178 1419794 10
